-9.799971737837153341e+03 3.143348568692079681e+00 1.569918369451076545e+00
-9.799994201581688685e+03 3.141592653589793116e+00 1.569851863464733599e+00
-9.799971738449694385e+03 3.139836849628861337e+00 1.569918425021714414e+00
-9.799906641860612581e+03 3.138346005885773948e+00 1.569984666189512934e+00
-9.799800588482101375e+03 3.136935775406485494e+00 1.570020184153595011e+00
-9.799654237681397717e+03 3.135541378516772948e+00 1.570039924606266846e+00
-9.799468090371463404e+03 3.134152717199487626e+00 1.570052342496741415e+00
-9.799242489142598060e+03 3.132752535971678576e+00 1.570059662383700871e+00
-9.798977784614520715e+03 3.131336803320050155e+00 1.570063781531539915e+00
-9.798674330713620293e+03 3.129904061542114757e+00 1.570065809189848505e+00
-9.798332475381161203e+03 3.128450097448742806e+00 1.570066209076331543e+00
-9.797703060982288662e+03 3.121121470776954787e+00 1.569772809378224609e+00
-9.797236230965358118e+03 3.119211077488662109e+00 1.569779032964365495e+00
-9.796727701425168561e+03 3.117301985092308048e+00 1.569784276114186472e+00
-9.796177768687219213e+03 3.115392937799463358e+00 1.569788717114038779e+00
-9.795586721753850725e+03 3.113482920591454928e+00 1.569792491932905376e+00
-9.794954844372243315e+03 3.111571098814941205e+00 1.569795706316059913e+00
-9.794282416644971818e+03 3.109656775700214038e+00 1.569798443903700269e+00
-9.793569716309533760e+03 3.107739361695144087e+00 1.569800771831711295e+00
-9.792817019772548520e+03 3.105818351828639301e+00 1.569802744688556073e+00
-9.792024602958636024e+03 3.103893308674855689e+00 1.569804407370022137e+00
-9.791192742016792181e+03 3.101963849313638111e+00 1.569805797177440621e+00
-9.790321713915505825e+03 3.100029635199520239e+00 1.569806945385680885e+00
-9.789411796949942072e+03 3.098090364185259293e+00 1.569807878432463166e+00
-9.788463271178647119e+03 3.096145764166456260e+00 1.569808618832661873e+00
-9.787476418803387787e+03 3.094195587963198157e+00 1.569809185889796899e+00
-9.786451524502386746e+03 3.092239609157652058e+00 1.569809596255876238e+00
-9.785388875725366233e+03 3.090277618678886284e+00 1.569809864376412012e+00
-9.784288762956781284e+03 3.088309421977968316e+00 1.569810002847458419e+00
-9.783151477419098228e+03 3.086336096148359243e+00 1.569810042925264160e+00
-9.781977305093030736e+03 3.084361733992196264e+00 1.569810058187085522e+00
-9.780766553755967834e+03 3.082381561142758297e+00 1.569809979511084252e+00
-9.779519527212600224e+03 3.080395455732338750e+00 1.569809814244408797e+00
-9.778236533240940844e+03 3.078403302152954879e+00 1.569809568923010490e+00
-9.776917883743859420e+03 3.076404989992691075e+00 1.569809249378713911e+00
-9.775563894890663505e+03 3.074400413117375219e+00 1.569808860829542629e+00
-9.774174887250173924e+03 3.072389468874134000e+00 1.569808407956311491e+00
-9.772751185916386021e+03 3.070372057397691368e+00 1.569807894967895967e+00
-9.771293120627795361e+03 3.068348081003684502e+00 1.569807325657089692e+00
-9.769801025881295573e+03 3.066317443656010777e+00 1.569806703448632934e+00
-9.768275240156579457e+03 3.064280336394179294e+00 1.569806034716120013e+00
-9.809594999228418601e+03 2.983127281434104106e+00 1.568826680232552340e+00
-9.775030524817091646e+03 2.957410315624418029e+00 1.568565410728369303e+00
-9.795047992374313253e+03 2.983252464348289390e+00 1.568921823891497036e+00
-9.761315462610640679e+03 3.007664806876918728e+00 1.569244963202977239e+00
-9.794980884884515035e+03 3.022294338536503311e+00 1.569442833306430307e+00
-9.769379610138516000e+03 2.990396372781317869e+00 1.569124221309138534e+00
-9.791793292049253068e+03 2.971216441079032489e+00 1.568955909935681570e+00
-9.738691581661063537e+03 2.959981763379584407e+00 1.568877447252616353e+00
-9.765310663123007544e+03 2.967095862260083372e+00 1.568988844244733061e+00
-9.805754304803020204e+03 2.929673360327469833e+00 1.568653607586237841e+00
-9.719866364283434450e+03 2.931694243587324333e+00 1.568713809045241936e+00
-9.766579406525510421e+03 2.908551826160542308e+00 1.568538739874070442e+00
-9.732043093056488942e+03 2.920495008953780225e+00 1.568690827570163870e+00
-9.758097996679469361e+03 2.931814476841526407e+00 1.568834513151348364e+00
-9.788186578887547512e+03 2.936084738462439780e+00 1.568907973686159973e+00
-9.742942954280695631e+03 2.950444637162700001e+00 1.569071492172791293e+00
-9.709630946352826868e+03 2.927760322376154356e+00 1.568902424623996650e+00
-9.779813720480131451e+03 2.913493757469197476e+00 1.568816547044282528e+00
-9.751408795227398514e+03 2.871441748158841456e+00 1.568502814159569381e+00
-9.797024049309176917e+03 2.925626472749166318e+00 1.568985018679045718e+00
-9.787485800400190783e+03 2.924087542538388540e+00 1.569002792928683165e+00
-9.778887031213196678e+03 2.873652161183256393e+00 1.568629670770617990e+00
-9.733077955570213817e+03 2.867390633885750439e+00 1.568617008414656899e+00
-9.749258349955736776e+03 2.860321947140005427e+00 1.568594495676222333e+00
-9.729244281899773341e+03 2.854906349069136873e+00 1.568589283042691296e+00
-9.746843241360013053e+03 2.876352393455127388e+00 1.568783149489042295e+00
-9.718378995369572294e+03 2.862025257426602742e+00 1.568710020550219575e+00
-9.725378682313163154e+03 2.859744327176660494e+00 1.568724159433003917e+00
-9.675511640840391919e+03 2.838317119426462032e+00 1.568603518616596748e+00
-9.687831258678997983e+03 2.825008125352036270e+00 1.568544148761897183e+00
-9.704448341966961380e+03 2.824748068553123215e+00 1.568572804155807132e+00
-9.714978302324594551e+03 2.824222771994652881e+00 1.568599832765722235e+00
-9.702790051513744402e+03 2.818041991300482607e+00 1.568590324450911400e+00
-9.695449643482139436e+03 2.815450355463473553e+00 1.568607440016816179e+00
-9.742781576640418280e+03 2.820724752361520871e+00 1.568668840829921418e+00
-9.707320264391793899e+03 2.802530047308257277e+00 1.568584310272702620e+00
-9.667421706784592971e+03 2.801538005091348094e+00 1.568606017639230243e+00
-9.719031777223432073e+03 2.811001858262105912e+00 1.568689760269271094e+00
-9.657294047903353203e+03 2.822937127560928960e+00 1.568793505948500977e+00
-9.655605442768703142e+03 2.794581813511278767e+00 1.568648144524801724e+00
-9.762534135273150241e+03 2.801561357759540627e+00 1.568714610373113105e+00
-9.744787103719931110e+03 2.797001898976418044e+00 1.568714691942090678e+00
-9.663463674164313488e+03 2.791136959335791090e+00 1.568708989720260405e+00
-9.631401493588744415e+03 2.785045402404001891e+00 1.568697942625916886e+00
-9.719378084403540925e+03 2.775943748248625553e+00 1.568669326882108139e+00
-9.742097883784535952e+03 2.766940681772878996e+00 1.568645203513437947e+00
-9.658236479555951519e+03 2.757750021748477387e+00 1.568623857671666011e+00
-9.714813970744969993e+03 2.746900358322934999e+00 1.568592607292765839e+00
-9.668118321951045800e+03 2.743250653660619154e+00 1.568595335111304001e+00
-9.654021687250295145e+03 2.748841407048835173e+00 1.568651168273515362e+00
-9.665494180519934162e+03 2.742754730713007127e+00 1.568644506465179500e+00
-9.653148857728367148e+03 2.744767089745470567e+00 1.568677707702817337e+00
-9.638497509211123543e+03 2.738682063486219675e+00 1.568668693553175508e+00
-9.640651672977275666e+03 2.750316275856619974e+00 1.568750108253545772e+00
-9.609110082858107489e+03 2.731468679482500495e+00 1.568679284331822021e+00
-9.654215020277923031e+03 2.750368414550668383e+00 1.568792459901135583e+00
-9.689783611316795941e+03 2.759683310112903243e+00 1.568856605049498976e+00
-9.731300743978488754e+03 2.758688825206944362e+00 1.568874132353991646e+00
-9.606972019013544923e+03 2.713356893880902732e+00 1.568681706732528047e+00
-9.657809757310264104e+03 2.720065346884277258e+00 1.568730947260082553e+00
-9.598286617166635551e+03 2.713814529443704160e+00 1.568725173749224933e+00
-9.710231394015596379e+03 2.720943310610059562e+00 1.568777281429279302e+00
-9.575417652596446715e+03 2.707608218749175677e+00 1.568733271919866334e+00
-9.622452799110556953e+03 2.701566440696748117e+00 1.568728935720968609e+00
-9.604393077395925502e+03 2.694140724783752550e+00 1.568719512789785275e+00
-9.597125773445466621e+03 2.681033759594894761e+00 1.568684384123867570e+00
-9.640543877737511139e+03 2.679448293715245288e+00 1.568697023380813071e+00
-9.614459103710658383e+03 2.681358633957100501e+00 1.568722776348615344e+00
-9.622783574645805857e+03 2.677676847702197271e+00 1.568726725673863509e+00
-9.634583373623712760e+03 2.672655498025520160e+00 1.568725035823099745e+00
-9.571718079802245484e+03 2.663569126661449626e+00 1.568707067363607655e+00
-9.570938664550221802e+03 2.663998890648135554e+00 1.568727476967240575e+00
-9.648772227940193261e+03 2.656756832521765421e+00 1.568720567861999982e+00
-9.517256266297459661e+03 2.641711899126675700e+00 1.568682326634627922e+00
-9.527673159980120545e+03 2.641013993056734677e+00 1.568697430753845712e+00
-9.587256923412467586e+03 2.646068695151824191e+00 1.568732067170415467e+00
-9.621769860915896061e+03 2.651327348721661981e+00 1.568768663883398196e+00
-9.606313605868734157e+03 2.650286573804434553e+00 1.568781488128187407e+00
-9.592447539685843367e+03 2.637249124415091739e+00 1.568753405408705337e+00
-9.541384965738665414e+03 2.628773905778553299e+00 1.568736542369457920e+00
-9.538017421259006369e+03 2.615771839504093865e+00 1.568709921104140204e+00
-9.524389643127022282e+03 2.608511497184379913e+00 1.568702604375469711e+00
-9.547906747773376992e+03 2.605938790760313761e+00 1.568709941301695165e+00
-9.504561679110325713e+03 2.602141876970640588e+00 1.568710397951575075e+00
-9.533737700865411171e+03 2.591201041044054687e+00 1.568692756745322159e+00
-9.507898529112791948e+03 2.588468945081427552e+00 1.568701365075483078e+00
-9.582904605300465846e+03 2.591174545058934964e+00 1.568724822250042505e+00
-9.498153285191507166e+03 2.580964236936382328e+00 1.568708457094011299e+00
-9.511933204776350976e+03 2.575119920120311434e+00 1.568705401425787738e+00
-9.496111934111975643e+03 2.571420070498609434e+00 1.568709359229228939e+00
-9.549997155496965206e+03 2.580112801599855565e+00 1.568750240734635204e+00
-9.463227774598952237e+03 2.549117863388159932e+00 1.568673760676160267e+00
-9.563051635394400364e+03 2.563474390478445386e+00 1.568728604847917207e+00
-9.505180821990767072e+03 2.547745395540262248e+00 1.568701575265832870e+00
-9.490182701624406036e+03 2.546178535131407905e+00 1.568711468337074644e+00
-9.458453391657971224e+03 2.542903498568908738e+00 1.568709467988437911e+00
-9.516653440119225706e+03 2.542206574222958704e+00 1.568728146692956349e+00
-9.521474330756938798e+03 2.539238917989521838e+00 1.568728913089978416e+00
-9.465138360858703891e+03 2.540161973332315526e+00 1.568748645313781109e+00
-9.504820320184086086e+03 2.536518330241794850e+00 1.568752173586209553e+00
-9.486640933749309625e+03 2.525125351516549266e+00 1.568737103186824466e+00
-9.486676459243697536e+03 2.519302790189507313e+00 1.568735176833787603e+00
-9.463884942349146513e+03 2.522780861548940212e+00 1.568757743786395320e+00
-9.481275570078076271e+03 2.506320102626100166e+00 1.568729123142043713e+00
-9.454038452285143649e+03 2.501101831284626265e+00 1.568727549236597518e+00
-9.402162819250799657e+03 2.501699925174647898e+00 1.568743167215492784e+00
-9.444680758383512512e+03 2.491429772716017066e+00 1.568726891934676182e+00
-9.435064119806906092e+03 2.488925075201576131e+00 1.568737396211869140e+00
-9.446113488434733881e+03 2.479841641152064291e+00 1.568726216514160887e+00
-9.408631404425497749e+03 2.483818466316063844e+00 1.568751519346760936e+00
-9.409210653339890996e+03 2.480622974491768495e+00 1.568758856897979781e+00
-9.401379480679888729e+03 2.472682838572565878e+00 1.568747864350137800e+00
-9.408454978942245361e+03 2.471272358013957504e+00 1.568760649755588599e+00
-9.380807604385141531e+03 2.468424964723700210e+00 1.568762757625441928e+00
-9.447935907169321581e+03 2.465190003820614262e+00 1.568768918087833475e+00
-9.364321831930952612e+03 2.462387186798737915e+00 1.568774507712172195e+00
-9.414430691310952170e+03 2.453111406533861061e+00 1.568765990291382639e+00
-9.412151687349049098e+03 2.448271319973905680e+00 1.568766384573466954e+00
-9.375605419864914438e+03 2.442904900132049306e+00 1.568770536987587727e+00
-9.406172816920567129e+03 2.443569902334395749e+00 1.568777200606071398e+00
-9.357797614319249988e+03 2.434502168558356328e+00 1.568771858836901067e+00
-9.400554050062655733e+03 2.437129086571239167e+00 1.568791825703700571e+00
-9.366881037073340849e+03 2.431466911805222786e+00 1.568790062836350030e+00
-9.382105259626523548e+03 2.429687695082372034e+00 1.568798802046554197e+00
-9.367378770332808926e+03 2.424310656484583326e+00 1.568797566273218536e+00
-9.406818666011429741e+03 2.425170241062810206e+00 1.568810324125800904e+00
-9.359122175837452232e+03 2.418365627160445452e+00 1.568807753889259748e+00
-9.347149499039272996e+03 2.413889903653746227e+00 1.568808850469255667e+00
-9.354429803290755444e+03 2.410276080012506039e+00 1.568812423762597996e+00
-9.334467337105214028e+03 2.403698774932096605e+00 1.568811575507944367e+00
-9.281715587178954593e+03 2.398013792272347011e+00 1.568810209299123848e+00
-9.373046427592513282e+03 2.397571578532598835e+00 1.568819898378877031e+00
-9.324799428518157583e+03 2.385707340083952577e+00 1.568806657228590584e+00
-9.321475986409455800e+03 2.383226290377197909e+00 1.568812184145058186e+00
-9.405725228194409283e+03 2.383896891430976162e+00 1.568826597533783396e+00
-9.362930189639413584e+03 2.376758008184623794e+00 1.568821648342398456e+00
-9.337276368011906015e+03 2.370956350837555959e+00 1.568820912533432255e+00
-9.326935054257757656e+03 2.363989702003534088e+00 1.568816050841386645e+00
-9.302244047292662799e+03 2.355455998836246678e+00 1.568814220392119596e+00
-9.254445734285109211e+03 2.358946562907751510e+00 1.568831064629176320e+00
-9.294410040318485699e+03 2.358864390802023703e+00 1.568843514145672469e+00
-9.257553032613288451e+03 2.334764400456240008e+00 1.568808463837966904e+00
-9.252956774064910860e+03 2.330023613969973706e+00 1.568810053462603049e+00
-9.268366969323787998e+03 2.333025442561753149e+00 1.568830682731143344e+00
-9.258374376943615061e+03 2.327903832374083493e+00 1.568832044659781433e+00
-9.249054754762826633e+03 2.322982852797470077e+00 1.568833687502518837e+00
-9.254725544908882512e+03 2.311427268103854793e+00 1.568821924284311331e+00
-9.257536751166124304e+03 2.310593947469864684e+00 1.568831447165979220e+00
-9.228069685730832134e+03 2.299725853678548759e+00 1.568821679699510474e+00
-9.225069140896639510e+03 2.294313430673883492e+00 1.568823775244473584e+00
-9.218846911545926559e+03 2.292373640173108296e+00 1.568834536959355486e+00
-9.237316825184345362e+03 2.291008420287453884e+00 1.568842486477664666e+00
-9.233207585203652343e+03 2.286391714625178206e+00 1.568845335620090209e+00
-9.201954203428271285e+03 2.285518916908431564e+00 1.568850301864814112e+00
-9.196459739063648158e+03 2.278711591661785274e+00 1.568846440898469918e+00
-9.244500918000405363e+03 2.279798135555130667e+00 1.568857298141092427e+00
-9.168372094147805910e+03 2.271564067358559758e+00 1.568856667809724437e+00
-9.241643376196465397e+03 2.273933043029626955e+00 1.568873727707159604e+00
-9.172804879574932784e+03 2.262520206693204639e+00 1.568860867678487203e+00
-9.145070577974014668e+03 2.259195009457442449e+00 1.568867738823555458e+00
-9.145895081218572159e+03 2.257620610088958646e+00 1.568872864541222878e+00
-9.138634652359372922e+03 2.250249234144035437e+00 1.568870972266356301e+00
-9.133554061856435510e+03 2.245774477002545400e+00 1.568873725036509459e+00
-9.132019517974878909e+03 2.241407943975769257e+00 1.568876444224245326e+00
-9.139389388984523976e+03 2.235847364761019307e+00 1.568877029977659987e+00
-9.189686690818620264e+03 2.240491764874203096e+00 1.568895330681967515e+00
-9.187742961804964580e+03 2.236027916361170487e+00 1.568897895237611584e+00
-9.184927378399479494e+03 2.230716606179314887e+00 1.568898036656095618e+00
-9.150824849883689240e+03 2.223014594989971560e+00 1.568895648407393484e+00
-9.140093116090727563e+03 2.218120409429487072e+00 1.568897742137953744e+00
-9.130706801866917885e+03 2.213399415175178575e+00 1.568899748219940271e+00
-9.120196486787084723e+03 2.208700195625461937e+00 1.568902333372825808e+00
-9.111133897747033188e+03 2.203923792389116620e+00 1.568904690246748057e+00
-9.077205537203288259e+03 2.193769503252039677e+00 1.568897381140089031e+00
-9.072007062600092468e+03 2.189185139430452232e+00 1.568900105972648840e+00
-9.066837608664412983e+03 2.184599342739186767e+00 1.568902844365876126e+00
-9.060654520584474085e+03 2.180120518551834419e+00 1.568905894769775156e+00
-9.055577206658770592e+03 2.175530469751105755e+00 1.568908656511766475e+00
-9.050479198107443153e+03 2.170935482296455277e+00 1.568911430478744595e+00
-9.045711318185773052e+03 2.163987766264032775e+00 1.568911207330375479e+00
-9.039921702538025784e+03 2.160646202328027510e+00 1.568916521817295573e+00
-9.034515618279652699e+03 2.156027654641423652e+00 1.568919323680479927e+00
-9.032445232430309261e+03 2.156667723305078166e+00 1.568930509600015455e+00
-9.026658866253634187e+03 2.146072134780686813e+00 1.568923415771105612e+00
-9.013910870313371561e+03 2.142230160401223937e+00 1.568928044797006205e+00
-9.010691340420817141e+03 2.137524392811287033e+00 1.568930719169700838e+00
-9.007697112663350708e+03 2.132836257059690599e+00 1.568933415732315595e+00
-9.058553178583937552e+03 2.130257255830178220e+00 1.568939589394334533e+00
-9.056420014710101896e+03 2.125797259081324331e+00 1.568943030051015208e+00
-8.994341805227048098e+03 2.121710867191024086e+00 1.568947177990682285e+00
-8.977209148936879501e+03 2.116517427402412999e+00 1.568949594885611587e+00
-8.980578608639159938e+03 2.118000205720608875e+00 1.568962093807901192e+00
-8.975458281968663869e+03 2.112263048840871349e+00 1.568962970144845315e+00
-8.971718603016704947e+03 2.107214970678439325e+00 1.568964959732601860e+00
-8.981246996059879166e+03 2.098459440701604173e+00 1.568961747776800530e+00
-8.951703922685283032e+03 2.092269790327467405e+00 1.568963481672902338e+00
-8.951842172697750357e+03 2.088245036876162253e+00 1.568967320200751026e+00
-8.950882672760149944e+03 2.084186758580719889e+00 1.568971202149047395e+00
-8.950013310607935637e+03 2.079820271703982204e+00 1.568974567350610583e+00
-8.923913131775514557e+03 2.074439700067043368e+00 1.568976367353743351e+00
-8.969459717758671104e+03 2.071147257325123725e+00 1.568980323206696781e+00
-8.912701657093921312e+03 2.072193738382092754e+00 1.568992866054909952e+00
-8.932095064375014772e+03 2.060710391960062893e+00 1.568985785393578025e+00
-8.925417789986215212e+03 2.056317262929174383e+00 1.568989392057717813e+00
-8.896704448954760664e+03 2.048658117864475159e+00 1.568989032151146823e+00
-8.891049359016167728e+03 2.043813485296463117e+00 1.568991993869370161e+00
-8.886484414067683247e+03 2.039234735853203251e+00 1.568995183428849360e+00
-8.881237481540110821e+03 2.034642180471254225e+00 1.568998469295164622e+00
-8.876583690036877670e+03 2.030047170970464609e+00 1.569001689558178869e+00
-8.872205926261874993e+03 2.025457927375196476e+00 1.569005020593030153e+00
-8.868127900060495449e+03 2.020835122881305068e+00 1.569008315046500845e+00
-8.864975422936902760e+03 2.016089921708142718e+00 1.569011473923536570e+00
-8.860446096261497587e+03 2.011396503186444473e+00 1.569014682612063671e+00
-8.855999815721150298e+03 2.006669333641504682e+00 1.569017855621290369e+00
-8.851375887052912731e+03 2.001865074447784387e+00 1.569020580464438597e+00
-8.846903610581370231e+03 1.997087303220585364e+00 1.569023727948491986e+00
-8.840988920759702523e+03 1.992227868647006517e+00 1.569026833533391674e+00
-8.833009649722996983e+03 1.987498434602076980e+00 1.569028211976437159e+00
-8.824973712206636264e+03 1.979212897510703506e+00 1.569025540225616133e+00
-8.821984579057496376e+03 1.978865722841471664e+00 1.569035792354382508e+00
-8.807251573355521032e+03 1.973621969563087220e+00 1.569038569690483609e+00
-8.786322003715169558e+03 1.969677862403272695e+00 1.569042419655731324e+00
-8.783480325723321585e+03 1.962268191611721946e+00 1.569043686886870015e+00
-8.792245391240645404e+03 1.953892166555206700e+00 1.569040427271506832e+00
-8.814702559828952872e+03 1.956417384518632785e+00 1.569052852464923653e+00
-8.792537694535900300e+03 1.945386357438058322e+00 1.569048004607507041e+00
-8.751711270147527102e+03 1.942618709521736875e+00 1.569056688672250122e+00
-8.803786540258221066e+03 1.941559707172817451e+00 1.569063157155813126e+00
-8.791847220311807177e+03 1.938430805455765737e+00 1.569068488221590174e+00
-8.744240713480347040e+03 1.930036448221802647e+00 1.569067831493409670e+00
-8.745307138441919960e+03 1.925712418974770523e+00 1.569071405683313269e+00
-8.755058136177529377e+03 1.923285141347895744e+00 1.569077515015062207e+00
-8.747698303034216224e+03 1.915968468358963950e+00 1.569079431071608743e+00
-8.738214302792213857e+03 1.914029903653669873e+00 1.569085375097577950e+00
-8.702326221805324167e+03 1.904101916579706177e+00 1.569084421435835042e+00
-8.693802722658907442e+03 1.899033112921296729e+00 1.569087432025209949e+00
-8.711987236718276108e+03 1.890793318845060300e+00 1.569086504939085636e+00
-8.706187727182032177e+03 1.885780588930772605e+00 1.569089880638580681e+00
-8.700332907117404829e+03 1.880765741771033728e+00 1.569093276380937763e+00
-8.694651985366814188e+03 1.877696587921981353e+00 1.569098939707642915e+00
-8.688917951712233844e+03 1.872702003151713424e+00 1.569102381704102989e+00
-8.683080372105523566e+03 1.865364332209218157e+00 1.569105235687427768e+00
-8.676664962349932466e+03 1.862647335491053102e+00 1.569109442718110259e+00
-8.644884604852857592e+03 1.854290006638295907e+00 1.569109334702223579e+00
-8.657971791867650609e+03 1.849911019942594770e+00 1.569113569061045599e+00
-8.631663510760306963e+03 1.842338133699346070e+00 1.569114690503006893e+00
-8.628692962105249535e+03 1.841904628875157268e+00 1.569123722833945411e+00
-8.599057422017205681e+03 1.831717730833892999e+00 1.569123799647023532e+00
-8.631525317025087134e+03 1.828802537575784815e+00 1.569127961640229829e+00
-8.632770388643046317e+03 1.825893652549381185e+00 1.569133855274771561e+00
-8.622721647605207181e+03 1.818505397709567539e+00 1.569134429463214797e+00
-8.614265766027217978e+03 1.813398933202811092e+00 1.569138195450159756e+00
-8.607725883458153476e+03 1.809741650274131475e+00 1.569143329531693887e+00
-8.600584937470592195e+03 1.805283749080221822e+00 1.569148251132556293e+00
-8.596169555185970239e+03 1.800125779313780150e+00 1.569151812842941585e+00
-8.593773429712920915e+03 1.795066272477095159e+00 1.569155391634241559e+00
-8.578904957946268041e+03 1.788023598989672225e+00 1.569157197753213051e+00
-8.546455115640830627e+03 1.781162654852244343e+00 1.569160726567643938e+00
-8.523542577350233842e+03 1.774980966228598023e+00 1.569164238541523648e+00
-8.531789970728099433e+03 1.770179869586184784e+00 1.569168467249499876e+00
-8.516767899716307511e+03 1.765110307521428279e+00 1.569171784904477729e+00
-8.499102507387180594e+03 1.759026742325161541e+00 1.569175302598857957e+00
-8.499220980771449831e+03 1.754094265644090989e+00 1.569179019724141089e+00
-8.501190445553589598e+03 1.749355085059885795e+00 1.569182801399020111e+00
-8.500654431312130328e+03 1.744466436342817062e+00 1.569186587940964550e+00
-8.498009518450344331e+03 1.739432996790400754e+00 1.569190386002045301e+00
-8.493695031690622272e+03 1.734274691743050711e+00 1.569194193670372828e+00
-8.488093544986879351e+03 1.729011250362744168e+00 1.569198009638284930e+00
-8.481514805010594500e+03 1.723660034384993933e+00 1.569201834506846360e+00
-8.489447293964098208e+03 1.719090948552021381e+00 1.569206805871839583e+00
-8.518230921287466117e+03 1.717601346390037476e+00 1.569211713160818977e+00
-8.505741604031860334e+03 1.712671854993444098e+00 1.569216234573072910e+00
-8.527456769417784017e+03 1.712685518164197118e+00 1.569222820139123842e+00
-8.514206531748037378e+03 1.708529306637337042e+00 1.569228299312144026e+00
-8.408548529985062487e+03 1.689310713779265338e+00 1.569227828948254855e+00
-8.434827618769519177e+03 1.684420629007260306e+00 1.569231458811377156e+00
-8.443763335617855773e+03 1.681374113249546998e+00 1.569235273069828462e+00
-8.388231151390133164e+03 1.672056176973651942e+00 1.569239319415676404e+00
-8.376150808548351051e+03 1.666754033769590748e+00 1.569243989170868714e+00
-8.402633122934501444e+03 1.663954875700282443e+00 1.569248015429227427e+00
-8.420304382516980695e+03 1.660522886993804903e+00 1.569252679826400598e+00
-8.372878935162818379e+03 1.654911679787563150e+00 1.569257275246160210e+00
-8.398532739432206654e+03 1.649827352260003765e+00 1.569261848562185868e+00
-8.406984149103107484e+03 1.647476287987597710e+00 1.569267036780614744e+00
-8.361197492479614084e+03 1.639670785273796616e+00 1.569269801618453863e+00
-8.411624674764161682e+03 1.636653899021954350e+00 1.569273511251212616e+00
-8.409017774979962269e+03 1.630523537820447455e+00 1.569277595150476046e+00
-8.393746908212495327e+03 1.623615153244794884e+00 1.569281273070716409e+00
-8.386353918951859669e+03 1.617781511806976935e+00 1.569285147361032751e+00
-8.377178524687247773e+03 1.613487778407933115e+00 1.569290403908252474e+00
-8.370416415653317017e+03 1.607913390499264628e+00 1.569294654200489525e+00
-8.365768959366467243e+03 1.601185216357199348e+00 1.569297890439663057e+00
-8.358568782773603743e+03 1.595587317681758099e+00 1.569302209135404524e+00
-8.351182959841440606e+03 1.589968257046351363e+00 1.569306545475610326e+00
-8.341466891329975624e+03 1.585032520915736098e+00 1.569311267670441268e+00
-8.334434102197477841e+03 1.579248861038289320e+00 1.569315511266335506e+00
-8.328417387876485009e+03 1.573577460082379753e+00 1.569320330867566504e+00
-8.321661866523925710e+03 1.567936049568104950e+00 1.569324798509920793e+00
-8.314789151033612143e+03 1.562394618319973283e+00 1.569329396948200728e+00
-8.308475273818123242e+03 1.556612142786262698e+00 1.569333683073715902e+00
-8.301241339096863157e+03 1.550893111544437986e+00 1.569338147255381788e+00
-8.294429048477446486e+03 1.545165365442956906e+00 1.569342620539432076e+00
-8.287455320232178565e+03 1.539370732636605066e+00 1.569347131310603327e+00
-8.280783327128823657e+03 1.534014344300031363e+00 1.569351592239132120e+00
-8.274577721497038510e+03 1.528270759010757152e+00 1.569356101790154723e+00
-8.266660025236997171e+03 1.522633247684464397e+00 1.569360870034359090e+00
-8.239328980810747453e+03 1.511761356210282514e+00 1.569365792621044475e+00
-8.225579277379227278e+03 1.507394762548794898e+00 1.569370945600380596e+00
-8.201784518170386946e+03 1.501623372151178692e+00 1.569375978991631726e+00
-8.204196693072743074e+03 1.494600970350314029e+00 1.569380210139102783e+00
-8.193218478887460151e+03 1.490392489541215504e+00 1.569385367471065607e+00
-8.183442127331119082e+03 1.483139071312899349e+00 1.569389762234908448e+00
-8.185279432429541885e+03 1.477640286620109045e+00 1.569395579524386575e+00
-8.152748507711654383e+03 1.468158047957709211e+00 1.569399422195239646e+00
-8.146343508898431537e+03 1.462040706705147519e+00 1.569404214908060036e+00
-8.139635393318505521e+03 1.455974354415003447e+00 1.569409040367786279e+00
-8.132824125284058027e+03 1.449900186041086503e+00 1.569413901050348281e+00
-8.125915507341167540e+03 1.443813477638579590e+00 1.569418794973048703e+00
-8.118937991106389745e+03 1.437702274872771246e+00 1.569423718661364209e+00
-8.111912605308169077e+03 1.431557179105499733e+00 1.569428670229449319e+00
-8.104810736515113604e+03 1.425387813716836538e+00 1.569433651048995015e+00
-8.097641781875268862e+03 1.419192001821296456e+00 1.569438660368700278e+00
-8.112147962351629758e+03 1.414625873045339377e+00 1.569444086792138648e+00
-8.104992571760385545e+03 1.408389747525161440e+00 1.569449158739834038e+00
-8.097891212831003031e+03 1.402120682879541391e+00 1.569454254982961317e+00
-8.090861732181771913e+03 1.395820713370021560e+00 1.569459377183192839e+00
-8.083919323635514047e+03 1.389493127544522810e+00 1.569464527371050355e+00
-8.077076623702233519e+03 1.383146117502008554e+00 1.569469706969361278e+00
-8.070344097710401002e+03 1.376785847195410639e+00 1.569474917819349225e+00
-8.068244851334522536e+03 1.370479410396922004e+00 1.569479190218021181e+00
-8.083677397233628653e+03 1.373399242501231132e+00 1.569484695366480498e+00
-8.078648775546389516e+03 1.367044254188378050e+00 1.569489697580637610e+00
-8.073430829655414527e+03 1.360685381917902337e+00 1.569494748187542088e+00
-8.065304782430017440e+03 1.354287532595702670e+00 1.569499915044677563e+00
-8.060733418626952698e+03 1.347472698002654568e+00 1.569505045451948799e+00
-8.053347578960263490e+03 1.341148105165959059e+00 1.569510390038261871e+00
-8.043629422534511832e+03 1.335238915346429689e+00 1.569516008103344351e+00
-8.058457804798263169e+03 1.333533471293711470e+00 1.569520229798769595e+00
-8.043720024130650927e+03 1.325771466511306951e+00 1.569525460691172158e+00
-8.019486154435036042e+03 1.316155815183799316e+00 1.569531675051620834e+00
-7.984492642283514215e+03 1.308415981573620046e+00 1.569538521268579956e+00
-8.012135297103319317e+03 1.304948563269796358e+00 1.569542689992684981e+00
-7.973605068955294882e+03 1.292508769033052562e+00 1.569549009852810650e+00
-8.006248653021337304e+03 1.290532436764881163e+00 1.569554643646215109e+00
-7.971339338170471819e+03 1.280624331953821304e+00 1.569560526932976652e+00
-7.968153985107767767e+03 1.274852883735385634e+00 1.569566130961451034e+00
-7.958500694939645655e+03 1.266721122839951308e+00 1.569572577954292614e+00
-7.935682687652710229e+03 1.260008900351707206e+00 1.569576928320456588e+00
-7.964229177161048938e+03 1.258031999775267584e+00 1.569582693558694730e+00
-7.962456039396423876e+03 1.251172080365029027e+00 1.569588376922476103e+00
-7.936855057865518575e+03 1.243484880041032969e+00 1.569593684490933061e+00
-7.919106292293444312e+03 1.232836824904753437e+00 1.569601937497592470e+00
-7.937212435850691691e+03 1.232826851221808129e+00 1.569606181980242043e+00
-7.925701236881722252e+03 1.226555503944122494e+00 1.569612219810778253e+00
-7.925973340601904056e+03 1.220873989681327432e+00 1.569616407788531065e+00
-7.905762251956088221e+03 1.207976012550268763e+00 1.569623824230556686e+00
-7.896584023048777453e+03 1.202576123046309009e+00 1.569629948464603464e+00
-7.884460906185645399e+03 1.195244900658839926e+00 1.569636687540955977e+00
-7.878453674455643522e+03 1.187585858339879952e+00 1.569642972580746143e+00
-7.863483454081237142e+03 1.180915510045664751e+00 1.569648596845623523e+00
-7.837556650289400750e+03 1.171656194196992296e+00 1.569655469525455649e+00
-7.833391529676126083e+03 1.163674614748419600e+00 1.569661918654231547e+00
-7.845920254122353072e+03 1.163188687806645083e+00 1.569667019178678791e+00
-7.840507501672520448e+03 1.156559249687608260e+00 1.569672352765299594e+00
-7.844070030330117334e+03 1.149168664074871504e+00 1.569678679074183680e+00
-7.848180612455997107e+03 1.143467948252718580e+00 1.569685511831616864e+00
-7.837510714558581640e+03 1.135969646197859451e+00 1.569692082745464567e+00
-7.829088904962851302e+03 1.128155416521056553e+00 1.569698760864893794e+00
-7.810451804397457636e+03 1.119734908943984752e+00 1.569704672371489806e+00
-7.802214379972301685e+03 1.112370514992068404e+00 1.569711261693093052e+00
-7.809848079369843617e+03 1.105742389232260869e+00 1.569717420285015042e+00
-7.776722935560280348e+03 1.095762882881279765e+00 1.569725107023347555e+00
-7.784200736367503850e+03 1.088787524046895827e+00 1.569731741703832117e+00
-7.777957900307210366e+03 1.081584357142603814e+00 1.569738705082167396e+00
-7.754032644643160893e+03 1.073671977906576869e+00 1.569745186319978281e+00
-7.758661906961825480e+03 1.068024663382937334e+00 1.569751486406552932e+00
-7.750576728412721423e+03 1.060744633212828747e+00 1.569758212333892011e+00
-7.734922725780639666e+03 1.049874306134428892e+00 1.569763322900192382e+00
-7.726476834204321676e+03 1.044231229111084014e+00 1.569772259406063242e+00
-7.725975139945979208e+03 1.038082982914296570e+00 1.569778316757276304e+00
-7.721939284411912922e+03 1.031313348088902293e+00 1.569785257420742708e+00
-7.719029121111692803e+03 1.022533599280946781e+00 1.569793151329677450e+00
-7.714030105890891718e+03 1.014936203941816828e+00 1.569800182300644664e+00
-7.694996150366994698e+03 1.007248216207471181e+00 1.569806763538791339e+00
-7.685381394937077857e+03 9.991717759636427054e-01 1.569814190635438811e+00
-7.688398112047478207e+03 9.917870405579233273e-01 1.569822424173810127e+00
-7.682359677709143398e+03 9.839888705327083374e-01 1.569829500501439323e+00
-7.675856739914082027e+03 9.766525993747716683e-01 1.569836712933306844e+00
-7.680392474601178947e+03 9.724171939751736771e-01 1.569842072653174991e+00
-7.654904471915603608e+03 9.635604345306718610e-01 1.569852571378492323e+00
-7.661099585768839461e+03 9.522501937268983419e-01 1.569854327898300816e+00
-7.653304935563893196e+03 9.436641020243378142e-01 1.569862505121414120e+00
-7.644305282333031755e+03 9.356692407001959699e-01 1.569869822477785171e+00
-7.634669052858752366e+03 9.273649807878202589e-01 1.569877795520085773e+00
-7.630719682344581088e+03 9.217630281631273848e-01 1.569888551074109184e+00
-7.623667098739201720e+03 9.134853533272697668e-01 1.569896279813552731e+00
-7.616608087450527819e+03 9.051660767131066709e-01 1.569904069502742194e+00
-7.609564276528746632e+03 8.968035939875492746e-01 1.569911917264305234e+00
-7.602557304304074933e+03 8.883959826477118016e-01 1.569919820627963869e+00
-7.574383589326476795e+03 8.776093071328946449e-01 1.569928659592441100e+00
-7.564528669569437625e+03 8.684855102268969063e-01 1.569937157952993712e+00
-7.555927157676295792e+03 8.595428101225368600e-01 1.569945537244289424e+00
-7.558390128805072891e+03 8.522582714622676248e-01 1.569952782280949810e+00
-7.550829382062323020e+03 8.432679674610740195e-01 1.569961174218226674e+00
-7.543271127308026735e+03 8.353026920649128106e-01 1.569968996469947919e+00
-7.535465387626895790e+03 8.263543359154816859e-01 1.569977494408457019e+00
-7.531831502155871931e+03 8.194419860276104250e-01 1.569983896773958332e+00
-7.520895851058032349e+03 8.069871542538238351e-01 1.569995351734428057e+00
-7.513268006559521382e+03 7.978844194476314433e-01 1.570004064889545692e+00
-7.496214319310770406e+03 7.925348476614121340e-01 1.570013462982565500e+00
-7.489862630527632064e+03 7.843396629443059043e-01 1.570022401948971691e+00
-7.484563701268144541e+03 7.744487780603204197e-01 1.570030434166214794e+00
-7.477580546466651867e+03 7.653936861828742888e-01 1.570039199447200495e+00
-7.472106198268380467e+03 7.562370513791473181e-01 1.570047998941503042e+00
-7.459139059679776437e+03 7.453298582980854015e-01 1.570058689728840884e+00
-7.451756845915245322e+03 7.365829310859222101e-01 1.570067536633710903e+00
-7.445378399061994969e+03 7.270860897158282210e-01 1.570076747480841473e+00
-7.438202254992818780e+03 7.182446441333903975e-01 1.570085713111587289e+00
-7.456307541144286006e+03 7.107885823240109868e-01 1.570089852263338193e+00
-7.421929502605140442e+03 6.975890753826038404e-01 1.570104841337269796e+00
-7.413919937286666027e+03 6.875471047045375039e-01 1.570114619612758666e+00
-7.417487055545880139e+03 6.767296112984967360e-01 1.570124362781440297e+00
-7.408743876237376753e+03 6.667313436708415253e-01 1.570134344217800626e+00
-7.398984796343875132e+03 6.569562392974451770e-01 1.570143884840263571e+00
-7.389813110487522863e+03 6.468828285141228207e-01 1.570154117928520110e+00
-7.395315576052583310e+03 6.360721110177618431e-01 1.570161473603214564e+00
-7.386251560100787174e+03 6.256919324460022969e-01 1.570171963177379837e+00
-7.382946657258035884e+03 6.168649687701479589e-01 1.570181954433146121e+00
-7.360791508825777782e+03 6.074775913338475997e-01 1.570192950453898950e+00
-7.352431523662015934e+03 5.972233116010804421e-01 1.570203830367262521e+00
-7.345681140590369978e+03 5.869964231699104085e-01 1.570214058845881056e+00
-7.359203716078807702e+03 5.759138079261715282e-01 1.570223795093794505e+00
-7.355901245197343087e+03 5.642607212527355198e-01 1.570232166162339515e+00
-7.354529726323515206e+03 5.527243431506003724e-01 1.570242386627791031e+00
-7.316538624007936960e+03 5.451350625878168543e-01 1.570253737499239355e+00
-7.337715580620798391e+03 5.338285096172363797e-01 1.570262721447601706e+00
-7.309575457518776602e+03 5.206026960357459377e-01 1.570276547687821100e+00
-7.301772399588903681e+03 5.129204439322428977e-01 1.570286514175723847e+00
-7.292326778079862379e+03 5.016161903564241298e-01 1.570297932086648363e+00
-7.311905457515557828e+03 4.979868802850800358e-01 1.570303050657808397e+00
-7.305822359214568678e+03 4.846232944150847821e-01 1.570313217437858233e+00
-7.281464624741181979e+03 4.707311986602944476e-01 1.570330120931661355e+00
-7.270849675965691858e+03 4.587330930918926963e-01 1.570342949823906542e+00
-7.260189150120714658e+03 4.465179398525302434e-01 1.570354951691346423e+00
-7.251226255853316616e+03 4.338825386252742611e-01 1.570367445889374602e+00
-7.245334318719807925e+03 4.205967772060964505e-01 1.570380676574772760e+00
-7.241323742699253671e+03 4.069319607477138723e-01 1.570394214359752683e+00
-7.237898594258025696e+03 3.918518026009858435e-01 1.570409461625142722e+00
-7.233618111242205487e+03 3.790943524222279426e-01 1.570421834398155969e+00
-7.206676873971156965e+03 3.687239677119421577e-01 1.570429387715073455e+00
-7.214506028559207152e+03 3.563566837701935275e-01 1.570440588861124809e+00
-7.240332231742206204e+03 3.456455146536036027e-01 1.570453703202507212e+00
-7.231906757587099492e+03 3.329854208677864857e-01 1.570463885442075380e+00
-7.224165071198072837e+03 3.195525618387242139e-01 1.570479285882335985e+00
-7.184169487349401606e+03 3.041510661157393880e-01 1.570497025416966119e+00
-7.189776059454467941e+03 2.906402730701796999e-01 1.570505871653780972e+00
-7.172955382069745610e+03 2.679789379393044402e-01 1.570527406088687572e+00
-7.145933884075585411e+03 2.536609539588198237e-01 1.570542786904774335e+00
-7.138189050428177325e+03 2.384133841988513858e-01 1.570558196138938323e+00
-7.154465865171963742e+03 2.230607434850321036e-01 1.570574893655424020e+00
-7.141116695848506424e+03 2.108891121533482127e-01 1.570588196443825968e+00
-7.132458889870681560e+03 1.910895608895595288e-01 1.570604121303122991e+00
-7.114582836051647064e+03 1.761350399638718089e-01 1.570619025304578642e+00
-7.106587122329085105e+03 1.598576332135574207e-01 1.570635268556032527e+00
-7.106501393415617713e+03 1.414899498206031725e-01 1.570651354084088736e+00
-7.092368831441571274e+03 1.245577223611633311e-01 1.570672533003310223e+00
-7.090045645346559468e+03 1.094513630774130164e-01 1.570687509744685517e+00
-7.096610740111455925e+03 9.633783854054490947e-02 1.570701102584972642e+00
-7.101421564611407121e+03 7.644769465920148166e-02 1.570718569140002074e+00
-7.094673492858862119e+03 5.919944086946118261e-02 1.570735830127418353e+00
-7.075072216994661176e+03 4.793144184348222675e-02 1.570746750413458903e+00
-7.067321448029629209e+03 2.873263999273407282e-02 1.570764269773821331e+00
-7.061312384909324464e+03 9.792154399914709817e-03 1.570784166590378117e+00
-7.067009577820517734e+03 6.272500284974289464e+00 1.570803858198597913e+00
-7.059333858392759794e+03 6.252318849092303843e+00 1.570823324536491095e+00
-7.055760462535979968e+03 6.230783532928938939e+00 1.570844350098915543e+00
-7.048642940128374903e+03 6.209420325267473117e+00 1.570865841616636116e+00
-7.044423507524653360e+03 6.188311951177143833e+00 1.570885159458424107e+00
-7.038064007233881057e+03 6.167169144590143759e+00 1.570903747514649451e+00
-7.030836598840524857e+03 6.145155956470986780e+00 1.570925989886428509e+00
-7.016464430341940897e+03 6.116063177475747459e+00 1.570951984843583116e+00
-6.988791472691663330e+03 6.094463579566870237e+00 1.570971703526677032e+00
-7.002468669771367786e+03 6.067759450554367717e+00 1.570996338658628089e+00
-6.993199079056968003e+03 6.043308240688487487e+00 1.571019285122948972e+00
-6.989309347093810175e+03 6.016591969294899478e+00 1.571041255384298729e+00
-6.976598775278579524e+03 5.989609116659464050e+00 1.571064871992440493e+00
-6.962551990598291013e+03 5.962075616776262521e+00 1.571090010595863840e+00
-6.968279959036796754e+03 5.932047052069465032e+00 1.571116196995323788e+00
-6.969604232905537174e+03 5.902689176574241969e+00 1.571140209364602081e+00
-6.964391468097042889e+03 5.871697295238129222e+00 1.571167441836509138e+00
-6.939119925113661338e+03 5.839755993316737559e+00 1.571193446687781936e+00
-6.945456597710159258e+03 5.804558845738156947e+00 1.571219938149077455e+00
-6.946292013940321340e+03 5.767576581252280121e+00 1.571250032644215144e+00
-6.937926793029600958e+03 5.724193212012480991e+00 1.571283310556761847e+00
-6.917139441314900978e+03 5.674804879987029871e+00 1.571321248542939752e+00
-6.913536945424710211e+03 5.625363955423519080e+00 1.571356200892944477e+00
-6.910175023105048240e+03 5.578091645140087707e+00 1.571391233934564369e+00
-6.900549040520839299e+03 5.521916051321925423e+00 1.571428143046866621e+00
-6.883948717316813600e+03 5.460222715722965248e+00 1.571466830867380926e+00
-6.886777139663680828e+03 5.387453377518391484e+00 1.571509029137242219e+00
-6.868685186220925061e+03 5.311339549465037280e+00 1.571548676085645191e+00
-6.855447395978895656e+03 5.223646557362300769e+00 1.571589407182137244e+00
-6.853597421294616652e+03 5.111381582589281436e+00 1.571632658701775487e+00
-6.837892879913979414e+03 4.988518243626665516e+00 1.571667670744199219e+00
-6.832444912801625833e+03 4.824906430058018003e+00 1.571695935916151310e+00
-6.836682684559588779e+03 4.621136431374991638e+00 1.571697651175171906e+00
-6.832305964614934055e+03 4.308374273887174866e+00 1.571629570987633562e+00
-6.830669905418821145e+03 3.717116602248033530e+00 1.571297273069778511e+00
-6.793492612590571298e+03 1.171640801801078879e+00 1.569945746753448113e+00
6.790960876660003123e+03 5.052209300082786569e+00 1.571642288263138232e+00
6.804365623783811316e+03 5.281159874754539629e+00 1.571550438622499435e+00
6.802173263573366057e+03 5.400916224098313734e+00 1.571485518364588607e+00
6.797348088655997344e+03 5.478730122097916322e+00 1.571438808674030740e+00
6.788889685220616229e+03 5.540700946979606911e+00 1.571397591774404967e+00
6.781221763775331056e+03 5.585080000460839855e+00 1.571366637099746111e+00
6.785783700914598739e+03 5.621750483511082308e+00 1.571341266853291119e+00
6.764327606836378436e+03 5.655728363859743979e+00 1.571315257537204690e+00
6.759517820881508669e+03 5.684110878751708285e+00 1.571293172219186518e+00
6.736500291876302072e+03 5.711933329091366751e+00 1.571270225565124523e+00
6.746929714742698707e+03 5.729646359526190835e+00 1.571257617331005552e+00
6.747473614143362283e+03 5.747187050110103002e+00 1.571244591529692647e+00
6.739584403426176323e+03 5.766089415580883504e+00 1.571230588567224640e+00
6.733555889440150168e+03 5.781892643397536169e+00 1.571217725736113513e+00
6.726831023615778577e+03 5.796391562390128982e+00 1.571205694196417424e+00
6.721172966982145226e+03 5.809573252451690095e+00 1.571194586713292596e+00
6.719269929191342271e+03 5.821201525964481149e+00 1.571184420003694182e+00
6.713001022990141792e+03 5.831877566770555354e+00 1.571175873725630501e+00
6.702722851290141989e+03 5.843081478890639779e+00 1.571166613470826201e+00
6.693917698497104539e+03 5.852582501296370587e+00 1.571157958649014308e+00
6.692219619516929015e+03 5.860920723069178884e+00 1.571151084399169617e+00
6.687245371291979609e+03 5.870297543781170191e+00 1.571141435193203151e+00
6.676815129786448779e+03 5.879943104826319100e+00 1.571134532911985904e+00
6.669684102773033374e+03 5.888869740374704342e+00 1.571125236570052541e+00
6.666269548488717192e+03 5.895013631398215104e+00 1.571120083587944860e+00
6.659795364198247626e+03 5.901687610440228049e+00 1.571115575802425335e+00
6.652701249258860116e+03 5.908589044066475893e+00 1.571109545279169684e+00
6.645872213047951846e+03 5.915146463780648567e+00 1.571103634055717624e+00
6.640482412271714566e+03 5.921376944738176995e+00 1.571098337652928612e+00
6.632195754197802671e+03 5.928515555790624170e+00 1.571091941048105456e+00
6.626671661547309668e+03 5.934778161761242288e+00 1.571085128604973846e+00
6.622714008175770687e+03 5.939611604675363310e+00 1.571080933902945231e+00
6.615818808391099083e+03 5.944883481429712901e+00 1.571077210885897024e+00
6.614901734020746517e+03 5.948082753957874225e+00 1.571074478426004895e+00
6.598153326771383945e+03 5.955020607997931315e+00 1.571068252501095719e+00
6.599207501062332085e+03 5.958100304187001761e+00 1.571064025615798387e+00
6.590429710324440748e+03 5.964088270434547034e+00 1.571059546720294353e+00
6.583182619993557637e+03 5.968532587709961312e+00 1.571055824485521724e+00
6.572801670831825504e+03 5.972916570062615449e+00 1.571052119023984117e+00
6.550834690311436134e+03 5.980519351892423785e+00 1.571045755015473278e+00
6.560175624868515115e+03 5.982869002695118787e+00 1.571042544098158800e+00
6.548102350586531429e+03 5.988400988774764677e+00 1.571039733834993291e+00
6.543794911660266735e+03 5.991859506725836226e+00 1.571036056611304410e+00
6.537744661895163517e+03 5.995464794471099701e+00 1.571032750912615850e+00
6.538909918619096061e+03 5.998233866711440321e+00 1.571031051794575584e+00
6.532872267625319182e+03 6.001694746726541574e+00 1.571027946553904098e+00
6.526269211880130570e+03 6.005149640347762663e+00 1.571025110917410039e+00
6.518492652573766463e+03 6.008656191725322948e+00 1.571025870077095155e+00
6.519697910097756903e+03 6.009955118981960887e+00 1.571017714762386275e+00
6.516620048428867449e+03 6.012401853997415557e+00 1.571015805929906861e+00
6.510839387823353718e+03 6.015391778671402179e+00 1.571013081769538022e+00
6.504156111112401049e+03 6.018648918221606969e+00 1.571008531929560803e+00
6.492225468301982801e+03 6.023164468862459486e+00 1.571008509580832380e+00
6.483684563692844677e+03 6.026139987364879325e+00 1.571009212681518941e+00
6.487554277902083413e+03 6.027071126286372760e+00 1.571002615765072274e+00
6.481210208427248290e+03 6.029787859010376394e+00 1.571000202651983813e+00
6.473784217167554743e+03 6.033045649000661648e+00 1.570997272510764375e+00
6.467318054799175115e+03 6.035389656210082165e+00 1.570995296364587457e+00
6.450703208739556430e+03 6.040206146549289556e+00 1.570997172334299030e+00
6.446746029236156573e+03 6.041638798959532153e+00 1.570993937210242608e+00
6.438488021523857242e+03 6.044418233104146054e+00 1.570992733517847517e+00
6.438377763374282949e+03 6.045630591804918907e+00 1.570986298278457927e+00
6.439933620373038138e+03 6.046285816462176221e+00 1.570984699388196182e+00
6.433723240012680435e+03 6.048888646472992292e+00 1.570982193220207712e+00
6.427621055887301736e+03 6.051116193409426636e+00 1.570980239551207358e+00
6.421572564210349810e+03 6.053273965341465335e+00 1.570978260212908983e+00
6.415538083422019554e+03 6.055389978378411087e+00 1.570976319370018359e+00
6.409516970268385194e+03 6.057465470034137489e+00 1.570974415729472717e+00
6.403508420691294305e+03 6.059501692118377747e+00 1.570972548063161556e+00
6.397420910732902485e+03 6.061509462748496446e+00 1.570970673397036554e+00
6.384809077582509417e+03 6.064746270548051044e+00 1.570969019180063153e+00
6.386841818371598492e+03 6.065492464251351024e+00 1.570967924572292063e+00
6.372303059837920955e+03 6.068513985643955166e+00 1.570964997398104135e+00
6.366546790192585831e+03 6.070333826402142030e+00 1.570963328422659178e+00
6.360292058385609380e+03 6.072216370371750216e+00 1.570961504359258631e+00
6.355737294393036791e+03 6.073927393630348170e+00 1.570960410113297456e+00
6.357173623220277477e+03 6.074583709502253903e+00 1.570959119545325633e+00
6.351258361285911633e+03 6.076306141314204545e+00 1.570957485254560693e+00
6.333093017118398166e+03 6.079830008163577659e+00 1.570955227318464820e+00
6.331859122296833448e+03 6.080798192626069465e+00 1.570954106075755696e+00
6.325390850899684665e+03 6.082487132694984311e+00 1.570952768228091934e+00
6.318527709300516108e+03 6.084179646041774525e+00 1.570952535930373983e+00
6.307103341415284376e+03 6.086875852835070155e+00 1.570951227798631500e+00
6.308362735679403158e+03 6.087244953337115128e+00 1.570948092733850832e+00
6.302491119602846084e+03 6.088789202163987113e+00 1.570946662352064704e+00
6.296657338936906854e+03 6.090306680232530745e+00 1.570945254075774677e+00
6.290833139566790123e+03 6.091800746521592202e+00 1.570943867427290863e+00
6.285017815963496105e+03 6.093272095705635216e+00 1.570942501897423682e+00
6.279210785325227334e+03 6.094721384571688994e+00 1.570941156996465971e+00
6.273411561459318364e+03 6.096149236577228514e+00 1.570939832252341350e+00
6.274895997132597586e+03 6.096409549374270931e+00 1.570938007341625253e+00
6.269061605517699718e+03 6.097800037802823425e+00 1.570936666401410831e+00
6.263233091638808219e+03 6.099170860471764932e+00 1.570935349368496770e+00
6.257410453654886624e+03 6.100522502237695655e+00 1.570934056062690543e+00
6.252675360883560643e+03 6.101379114467276210e+00 1.570933189734859070e+00
6.245841305251143240e+03 6.103099197947440047e+00 1.570933455211307450e+00
6.240039441166243705e+03 6.104395710260443586e+00 1.570932233230119657e+00
6.234243291416573811e+03 6.105675056445059035e+00 1.570931028512372318e+00
6.228452908015813591e+03 6.106937640934813949e+00 1.570929840696754454e+00
6.222668363151301492e+03 6.108183854188109052e+00 1.570928669434345171e+00
6.215124760566992336e+03 6.109254076150928192e+00 1.570926438112878687e+00
6.209216716639465631e+03 6.110488387444015679e+00 1.570925239216321323e+00
6.203361888211413316e+03 6.111697651946539800e+00 1.570924073608524374e+00
6.197544144915617835e+03 6.112886064981472245e+00 1.570922937281761689e+00
6.191754931260828926e+03 6.114055793808271133e+00 1.570921827368326529e+00
6.185989127417243253e+03 6.115208198551218999e+00 1.570920741599018289e+00
6.180243402395441990e+03 6.116344249124996857e+00 1.570919678097234318e+00
6.173439476203413506e+03 6.117417476647904806e+00 1.570921376246939394e+00
6.166707577267394299e+03 6.118888553536215191e+00 1.570920649622897125e+00
6.159986654072668898e+03 6.120277320028144175e+00 1.570921734234081990e+00
6.157423463318448739e+03 6.120738205144474087e+00 1.570915618042898032e+00
6.151753413039979023e+03 6.121801663199669896e+00 1.570914645865845172e+00
6.146095817714840450e+03 6.122851933927082158e+00 1.570913689006097957e+00
6.140450152675108257e+03 6.123889368890259810e+00 1.570912746720880548e+00
6.134815979306114059e+03 6.124914294344358190e+00 1.570911818339798982e+00
6.129192923363689260e+03 6.125927015284956312e+00 1.570910903255271718e+00
6.123582926455133020e+03 6.126911456132059008e+00 1.570910017033689376e+00
6.116752656854425368e+03 6.128017802100835354e+00 1.570912186292192425e+00
6.117038497608855323e+03 6.127808716570260827e+00 1.570908570124007975e+00
6.105259661969314038e+03 6.130068328614828310e+00 1.570911699390242555e+00
6.099983213280826931e+03 6.130923955734360220e+00 1.570909326064222844e+00
6.094363544706303401e+03 6.131883849341702053e+00 1.570908552509956646e+00
6.088619611260373858e+03 6.132875153025395321e+00 1.570908365039982213e+00
6.081743271216662833e+03 6.134121855897730846e+00 1.570907540440301675e+00
6.075885913036395323e+03 6.135132911004011369e+00 1.570907392224225374e+00
6.077493629398783014e+03 6.134709967894147908e+00 1.570902731184376400e+00
6.067287732827312539e+03 6.136448824211650610e+00 1.570902231113187719e+00
6.061796973688476101e+03 6.137329234421322610e+00 1.570901424848970329e+00
6.056651982114555722e+03 6.137844584078168353e+00 1.570902302387815253e+00
6.049944806208109185e+03 6.139157012267156155e+00 1.570902724173371068e+00
6.046064709459706137e+03 6.139686594038183287e+00 1.570898885044196502e+00
6.039937307472134307e+03 6.140490696940724469e+00 1.570900347123076468e+00
6.034574283923929215e+03 6.141301043211687016e+00 1.570899122287626515e+00
6.027872625427649837e+03 6.142590547817681212e+00 1.570899830530478880e+00
6.022250029124580578e+03 6.143476510616102892e+00 1.570900060289453837e+00
6.018060954183437389e+03 6.143816241365010811e+00 1.570896938056635550e+00
6.012546535079591195e+03 6.144645574825478462e+00 1.570896307344187059e+00
6.007053752462396915e+03 6.145462940209582392e+00 1.570895650955110412e+00
6.001578187236633312e+03 6.146269888148830240e+00 1.570894975956064199e+00
5.996116848885687432e+03 6.147067537330993758e+00 1.570894288313037235e+00
5.990668240553362921e+03 6.147856433484141903e+00 1.570893591609632045e+00
5.985895867580070444e+03 6.148663769927402711e+00 1.570890801732105935e+00
5.980423033728654445e+03 6.149442473517566121e+00 1.570890091210787265e+00
5.975317492760281311e+03 6.150225660468766620e+00 1.570888573240480257e+00
5.967211519551583478e+03 6.151872557421005361e+00 1.570888058423522304e+00
5.961793371182041483e+03 6.152669309923394891e+00 1.570887370215721335e+00
5.955882991728659363e+03 6.153748473784422579e+00 1.570886494248027621e+00
5.955977023672050564e+03 6.152505486802072099e+00 1.570887128717752823e+00
5.950429420052349087e+03 6.153449683716898377e+00 1.570886289670645697e+00
5.944859653241517663e+03 6.154368241423007646e+00 1.570885562728738583e+00
5.932692248620029204e+03 6.156601896212636760e+00 1.570887999004819680e+00
5.933983198405348048e+03 6.155810644358518324e+00 1.570884275431848609e+00
5.924258074877283434e+03 6.157463419852319930e+00 1.570883635356816743e+00
5.919131793550505790e+03 6.158120216628154786e+00 1.570882882342828690e+00
5.914037302588620150e+03 6.158744073526683849e+00 1.570882240488375325e+00
5.908217626179679428e+03 6.159634164906413467e+00 1.570881043746311878e+00
5.903279701896231927e+03 6.160119209801436568e+00 1.570881023950727817e+00
5.897634908493507282e+03 6.160868327003473865e+00 1.570880440847515436e+00
5.892018906106270151e+03 6.161587938133399334e+00 1.570879951914360806e+00
5.890819737005351271e+03 6.161364152208785860e+00 1.570879192920512812e+00
5.885458303256747058e+03 6.162019570238340904e+00 1.570878626209222695e+00
5.880506499787854409e+03 6.162606874510509591e+00 1.570879274770816902e+00
5.875015180975694420e+03 6.163350239794534779e+00 1.570877829016550820e+00
5.871964396147428488e+03 6.163314998171348869e+00 1.570876307028752583e+00
5.864422240505644368e+03 6.164667951135660573e+00 1.570876265773925695e+00
5.859149837954698341e+03 6.165315297700988850e+00 1.570875536796251248e+00
5.853891420806162387e+03 6.165955823622944365e+00 1.570874839661212441e+00
5.848645982421592635e+03 6.166589975538025570e+00 1.570874171719980561e+00
5.843412754590719487e+03 6.167218102023261039e+00 1.570873530504342419e+00
5.838191127199055700e+03 6.167840931390029979e+00 1.570872913568716944e+00
5.832980581263894237e+03 6.168458378143561127e+00 1.570872319139330786e+00
5.827780661084415442e+03 6.169070309684070885e+00 1.570871745716779122e+00
5.822590952804475819e+03 6.169676925151282632e+00 1.570871191848302484e+00
5.817411063975079742e+03 6.170278391219001790e+00 1.570870656294328649e+00
5.811796674388789143e+03 6.171130334272880269e+00 1.570868733542966522e+00
5.807089887532187277e+03 6.171467411726309749e+00 1.570869538121348219e+00
5.801515941376911542e+03 6.172288004046518672e+00 1.570868838482299301e+00
5.796302338252936352e+03 6.172910476494718246e+00 1.570866166328331870e+00
5.791114469778602142e+03 6.173515862152799905e+00 1.570863979088585216e+00
5.785944913690848807e+03 6.174109788910519647e+00 1.570862157050544550e+00
5.780789371015842335e+03 6.174695005246911172e+00 1.570860621629319498e+00
5.778516154657949301e+03 6.174244307745444971e+00 1.570867013861481309e+00
5.771047644529905483e+03 6.175521578841079773e+00 1.570865524025690352e+00
5.766631825299421507e+03 6.175960532795650160e+00 1.570869626314834067e+00
5.761635244072293972e+03 6.176487114460805117e+00 1.570867722952312251e+00
5.755926651023290106e+03 6.177238383647589259e+00 1.570863164457813488e+00
5.750384714061398881e+03 6.177857306907742263e+00 1.570864058573447464e+00
5.745299513725557517e+03 6.178387664532487555e+00 1.570863507428292172e+00
5.740648886874224445e+03 6.178871341077144308e+00 1.570861979239862594e+00
5.731058228540347955e+03 6.173318589046790095e+00 1.570867637761696134e+00
5.725965115381880423e+03 6.174111326363703078e+00 1.570866828763972878e+00
5.720379445002286957e+03 6.174836512059279414e+00 1.570866322710089413e+00
5.715868601827842213e+03 6.175128240037947691e+00 1.570866019938210956e+00
5.711072082176479853e+03 6.175530284052176633e+00 1.570865606495874811e+00
5.706417662343600568e+03 6.175960404971127637e+00 1.570865205122744301e+00
5.689357788351700947e+03 6.175269973585753469e+00 1.570865994612200556e+00
5.684253191577864527e+03 6.175736304038902169e+00 1.570865624774360869e+00
5.679390769964901665e+03 6.176329969036180145e+00 1.570865107401519190e+00
5.674465971635858295e+03 6.176846505407095123e+00 1.570864746209864826e+00
5.669477140389420128e+03 6.177373621176504237e+00 1.570864311049906537e+00
5.662757863778240790e+03 6.178050063986527896e+00 1.570863813966637990e+00
5.657817444376109052e+03 6.178549766972995627e+00 1.570863392918251611e+00
5.652883884552327800e+03 6.179048676981930832e+00 1.570862974104922927e+00
5.649540515016722566e+03 6.179488233487147930e+00 1.570862580400040232e+00
5.640783414165452086e+03 6.180673965720973051e+00 1.570861370455761241e+00
5.635813301298008810e+03 6.181175484182216628e+00 1.570860942174368224e+00
5.630847904004301199e+03 6.181674406033918601e+00 1.570860519870178607e+00
5.625887169223252386e+03 6.182170555493312847e+00 1.570860101536463160e+00
5.620931037562993879e+03 6.182663969225878908e+00 1.570859687557207174e+00
5.611779296495773451e+03 6.182556359807294122e+00 1.570860077026562607e+00
5.606221823106503507e+03 6.183078162587531956e+00 1.570859682495296061e+00
5.599687302148274284e+03 6.184227269108977687e+00 1.570859317902824293e+00
5.596570020801261307e+03 6.183863744830008002e+00 1.570859126633723069e+00
5.590853302494446325e+03 6.184396735186319383e+00 1.570858730555784843e+00
5.585127358150617511e+03 6.184930001707638070e+00 1.570858334448250293e+00
5.579401044507356346e+03 6.185462828739745511e+00 1.570857938833293055e+00
5.573797168201839668e+03 6.185982456454913958e+00 1.570857546524280668e+00
5.568631631374544668e+03 6.186855430558722446e+00 1.570856820016294453e+00
5.562998809385896493e+03 6.187343953204425873e+00 1.570856449423117418e+00
5.557412885146355620e+03 6.187830026172243869e+00 1.570856079886826517e+00
5.551900461062657996e+03 6.188318630347231952e+00 1.570855707624434494e+00
5.546497765794440056e+03 6.188813221300141443e+00 1.570855329474374340e+00
5.541243591841704074e+03 6.189316323658781371e+00 1.570854942726544357e+00
5.536166716449397427e+03 6.189830984605221076e+00 1.570854544611224757e+00
5.531280240195799706e+03 6.190355847138616419e+00 1.570854135789269579e+00
5.526604370685256981e+03 6.190847818094226795e+00 1.570853743756059462e+00
5.522400162778963931e+03 6.190581318329963167e+00 1.570853756544089430e+00
5.518053742430337479e+03 6.190975831057936141e+00 1.570853417975345945e+00
5.529792705301906608e+03 6.192052829537091796e+00 1.570854523700030203e+00
5.524974035644938340e+03 6.192487658101188508e+00 1.570854147522757094e+00
5.520161745519900251e+03 6.192920109722440003e+00 1.570853772529909653e+00
5.515048371021751336e+03 6.193230358269182112e+00 1.570851910187215372e+00
5.510250701138439581e+03 6.193659755531904842e+00 1.570851568077149096e+00
5.507555253691962207e+03 6.193153893202495652e+00 1.570851698152336606e+00
5.502520520225487417e+03 6.193813915672147452e+00 1.570851196485361090e+00
5.495427849485665320e+03 6.195049164812106213e+00 1.570850625683503088e+00
5.490748400437310011e+03 6.195428948549187353e+00 1.570850380057317475e+00
5.485732706643076199e+03 6.195956885413307802e+00 1.570849681879214144e+00
5.483384359033405417e+03 6.195506497645582478e+00 1.570849865999901951e+00
5.478859679196260913e+03 6.196559019819988912e+00 1.570849137941069174e+00
5.473888638013212585e+03 6.196365258228847317e+00 1.570849185512664947e+00
5.467350457399877996e+03 6.197427174179654941e+00 1.570848587116764339e+00
5.462614589719899413e+03 6.197835370759001705e+00 1.570848266558773743e+00
5.457884861590385299e+03 6.198241559316404192e+00 1.570847948085932977e+00
5.452455140635598582e+03 6.198791417531426262e+00 1.570847585460124929e+00
5.447742999005722595e+03 6.199191922091263685e+00 1.570847291155734515e+00
5.443037014713062490e+03 6.199590526142637614e+00 1.570846998582237752e+00
5.438376732168333547e+03 6.200045537096439574e+00 1.570846418219432161e+00
5.433682526357875759e+03 6.200440886233557158e+00 1.570846130672521879e+00
5.428994473752649355e+03 6.200834311600525339e+00 1.570845844842801098e+00
5.441761176890182469e+03 6.204247942933176496e+00 1.570842989247264843e+00
5.438301770892448985e+03 6.204438168002202936e+00 1.570842230717750976e+00
5.431882185758958258e+03 6.205105040383259052e+00 1.570842147655239218e+00
5.426335001199572616e+03 6.205426993064892649e+00 1.570841729464969028e+00
5.421955293667346268e+03 6.205895881924679003e+00 1.570841586935828094e+00
5.416887335361973783e+03 6.206238218746033652e+00 1.570841498110942203e+00
5.413062483946538123e+03 6.206558003005041790e+00 1.570840930890824660e+00
5.401550812462027352e+03 6.206961063065380202e+00 1.570840486610480813e+00
5.400458406918850415e+03 6.207245738879454855e+00 1.570840396618459422e+00
5.401891070540419605e+03 6.206898929839717916e+00 1.570840248959920915e+00
5.395008119747770252e+03 6.208306387342804378e+00 1.570840160317267031e+00
5.392204786144995524e+03 6.207752224818948505e+00 1.570839697991136541e+00
5.386650998761602750e+03 6.208674557028182939e+00 1.570839927639536837e+00
5.384175187954539979e+03 6.208469236842596217e+00 1.570839163031480190e+00
5.383852781956702529e+03 6.210179913983161271e+00 1.570837976404539260e+00
5.379235648537984162e+03 6.210557635798791942e+00 1.570837629380678946e+00
5.375788102038678517e+03 6.210479795447170659e+00 1.570838981390543232e+00
5.370024159514254279e+03 6.211306628599416513e+00 1.570836971444604435e+00
5.365429080716802673e+03 6.211677976397215417e+00 1.570836657859458807e+00
5.360425535990816570e+03 6.212208830439693408e+00 1.570836765268139423e+00
5.355872107388563563e+03 6.212568865138061724e+00 1.570836487581536156e+00
5.351324947707428692e+03 6.212928158055881944e+00 1.570836213728970643e+00
5.346784165158094766e+03 6.213286979915054076e+00 1.570835944053066591e+00
5.343591379481513286e+03 6.213025819603929634e+00 1.570837114844249705e+00
5.339034016645450720e+03 6.213387767085192692e+00 1.570836849733190155e+00
5.334482162778351267e+03 6.213747543380387484e+00 1.570836586821498404e+00
5.329935839116567877e+03 6.214105414306370534e+00 1.570836325840840431e+00
5.325395058416495885e+03 6.214461543150789247e+00 1.570836066627683048e+00
5.320859828214424851e+03 6.214816036551749079e+00 1.570835809075897815e+00
5.316330152668946539e+03 6.215168968082436685e+00 1.570835553112597482e+00
5.311806033567444501e+03 6.215520391041847503e+00 1.570835298685058001e+00
5.307287471208099305e+03 6.215870345770689198e+00 1.570835045753312897e+00
5.302774464559998705e+03 6.216218864052186710e+00 1.570834794285742353e+00
5.298267011843858199e+03 6.216565971890283038e+00 1.570834544256321852e+00
5.293765110668426132e+03 6.216911691272870577e+00 1.570834295642886680e+00
5.289268758126108878e+03 6.217256041291657098e+00 1.570834048426039242e+00
5.284777950778177001e+03 6.217599038905743392e+00 1.570833802588402550e+00
5.280292685056749178e+03 6.217940699586388398e+00 1.570833558114027140e+00
5.275812957101025859e+03 6.218281037583031079e+00 1.570833314988133722e+00
5.271338762909477737e+03 6.218620066238573330e+00 1.570833073196786334e+00
5.266870098138152571e+03 6.218957798197242148e+00 1.570832832726756667e+00
5.262406958500096152e+03 6.219294245518394604e+00 1.570832593565363755e+00
5.257949339423294077e+03 6.219629419810852156e+00 1.570832355700379601e+00
5.253497236488517046e+03 6.219963332287855806e+00 1.570832119119971670e+00
5.249050644976550757e+03 6.220295993840162296e+00 1.570831883812628949e+00
5.244609560083091310e+03 6.220627415075180799e+00 1.570831649767132632e+00
5.239932188501350538e+03 6.221153699334212916e+00 1.570831281789105471e+00
5.235500810642799479e+03 6.221483035333159606e+00 1.570831050172621035e+00
5.231074933042940756e+03 6.221811155832977391e+00 1.570830819775158593e+00
5.226654550539915363e+03 6.222138072090925398e+00 1.570830590585816644e+00
5.222239658155678626e+03 6.222463795413933241e+00 1.570830362593655050e+00
5.217830250691886249e+03 6.222788337254485214e+00 1.570830135787611548e+00
5.213426322943563719e+03 6.223111709237745259e+00 1.570829910156480436e+00
5.209027869750022546e+03 6.223433923161613812e+00 1.570829685688905908e+00
5.204634885944888993e+03 6.223754991114871515e+00 1.570829462373286800e+00
5.188518983786782883e+03 6.224113390212030694e+00 1.570827901934781279e+00
5.184171498680148943e+03 6.224421943696865966e+00 1.570827798149362797e+00
5.179742205804614059e+03 6.224857270744043269e+00 1.570828228718378572e+00
5.175408086997490500e+03 6.225164965553132923e+00 1.570827981479713253e+00
5.171081546959205298e+03 6.225443493974976761e+00 1.570827064487669400e+00
5.166754435784078851e+03 6.225756000922163302e+00 1.570826783957279371e+00
5.162432194810969122e+03 6.226068744977705904e+00 1.570826564913069712e+00
5.158114917218177652e+03 6.226360390533343114e+00 1.570826585165045586e+00
5.153802900083021086e+03 6.226659722976982003e+00 1.570826618637156002e+00
5.149496594316759001e+03 6.226964495316810400e+00 1.570826631160203712e+00
5.145234332612320941e+03 6.227265745931674701e+00 1.570826457640980722e+00
5.143845566137606511e+03 6.225414000524451374e+00 1.570826972276562206e+00
5.138013622733187731e+03 6.226976824719146819e+00 1.570825276766939504e+00
5.133618957625195435e+03 6.227260222865445449e+00 1.570825068944551761e+00
5.129299152251151099e+03 6.227549383218734746e+00 1.570824857782883388e+00
5.124849538984430183e+03 6.227836436558479072e+00 1.570824651927514193e+00
5.120368315553007051e+03 6.228124582759354766e+00 1.570824446776504457e+00
5.115856371150876839e+03 6.228413674545732803e+00 1.570824242236026791e+00
5.111317135707003217e+03 6.228703657654611092e+00 1.570824038212256468e+00
5.106756401379749150e+03 6.228994498965846560e+00 1.570823834666529528e+00
5.102181792113530719e+03 6.229278383940262565e+00 1.570823632870543607e+00
5.097602257567756169e+03 6.229562506994655635e+00 1.570823431897731215e+00
5.093027227865279201e+03 6.229849539508191647e+00 1.570823231580285473e+00
5.088344015646960543e+03 6.230259128889624520e+00 1.570823089594447719e+00
5.083935543483148649e+03 6.230547052860779367e+00 1.570822889055566662e+00
5.079408776641523218e+03 6.230843167130383442e+00 1.570821775453184133e+00
5.074944089575672479e+03 6.231135275393903328e+00 1.570821627003023080e+00
5.070519798593313681e+03 6.231427547396423350e+00 1.570821483098741034e+00
5.066139258041725043e+03 6.231719785102414200e+00 1.570821343489081423e+00
5.061801834005817909e+03 6.231953903840055986e+00 1.570821207951158760e+00
5.057512818378606426e+03 6.232246514674623761e+00 1.570821081630230598e+00
5.053268591523150462e+03 6.232538442238755749e+00 1.570820958215042529e+00
5.048898357395873063e+03 6.232784152465687733e+00 1.570821001611349077e+00
5.044711850127378057e+03 6.233102260324319133e+00 1.570821136793463024e+00
5.036751555773696055e+03 6.233682707682021373e+00 1.570821652318446171e+00
5.032682650968465168e+03 6.233942404288776551e+00 1.570821382128742227e+00
5.028649634933715788e+03 6.234320681734478065e+00 1.570821255201537703e+00
5.024626080445657863e+03 6.234563459581741185e+00 1.570821110157219813e+00
5.019723290342591099e+03 6.234931787348772403e+00 1.570820993195858994e+00
5.015599707092321296e+03 6.235213391191307686e+00 1.570820694616247071e+00
5.011494500156084541e+03 6.235519043844151454e+00 1.570820536676436507e+00
5.007366690349927012e+03 6.235829830586030020e+00 1.570820369940503891e+00
5.003209705774196664e+03 6.236145887129080023e+00 1.570820199960904384e+00
4.998570769248570286e+03 6.236604812865794045e+00 1.570819848109820560e+00
4.994414960415461792e+03 6.236966939170040192e+00 1.570819948219526641e+00
4.989934374321289397e+03 6.237311973172308122e+00 1.570819717153898454e+00
4.985958389833718684e+03 6.237465940749540749e+00 1.570819514057395283e+00
4.983208575902143821e+03 6.237520086151317145e+00 1.570819480627747344e+00
4.979024001655514439e+03 6.237977213088456985e+00 1.570819224487249866e+00
4.971731389651565223e+03 6.238503456816401282e+00 1.570819159067033066e+00
4.968096942997959559e+03 6.238731853964065266e+00 1.570818994223352139e+00
4.964442278347012689e+03 6.238944012583059084e+00 1.570818864364440959e+00
4.960824675068454781e+03 6.239172017275875781e+00 1.570818698070484576e+00
4.957211013901838669e+03 6.239400070842937573e+00 1.570818531914430327e+00
4.953600445393736663e+03 6.239628273921856483e+00 1.570818365780448866e+00
4.949823513841398380e+03 6.239877049789956054e+00 1.570818197187674903e+00
4.947600413644108812e+03 6.240175353797286384e+00 1.570817784915568227e+00
4.944052456593942225e+03 6.240424566773540072e+00 1.570817599960556477e+00
4.940507277933696969e+03 6.240659212382890786e+00 1.570817425565161241e+00
4.934045389028673526e+03 6.241755302548018136e+00 1.570818286772487804e+00
4.931594247021469528e+03 6.241611099889771808e+00 1.570816864827032200e+00
4.928023361236831988e+03 6.241845848204425451e+00 1.570816691097581153e+00
4.924441926607331879e+03 6.242081408422703426e+00 1.570816516656846407e+00
4.925446886687615006e+03 6.242061259780165017e+00 1.570816554188381842e+00
4.921411988060677686e+03 6.242318129796579740e+00 1.570816371181967597e+00
4.917381958025525819e+03 6.242575140187001104e+00 1.570816186179959661e+00
4.913356809026384326e+03 6.242832740889601162e+00 1.570815999544934449e+00
4.913532876772983400e+03 6.242808230607688635e+00 1.570816162394623516e+00
4.909516405113044129e+03 6.243066594944528980e+00 1.570816002785603738e+00
4.905505407832035417e+03 6.243324292448172663e+00 1.570815843880720486e+00
4.901499887489481807e+03 6.243581328695209542e+00 1.570815685675367224e+00
4.897498549675696268e+03 6.243830019496021677e+00 1.570815544809043729e+00
4.893504000597697086e+03 6.244085815245235871e+00 1.570815387815052144e+00
4.889514939110398700e+03 6.244340961589624150e+00 1.570815231516092814e+00
4.885531369746225209e+03 6.244595463237872401e+00 1.570815075908159830e+00
4.881553642547582058e+03 6.244853359122842562e+00 1.570814914037054422e+00
4.877581082662563858e+03 6.245105830436422423e+00 1.570814760570616420e+00
4.873614115183822832e+03 6.245358332073904783e+00 1.570814607056956191e+00
4.869652713976633095e+03 6.245610447324894565e+00 1.570814453921134612e+00
4.865696848128861348e+03 6.245861704253149682e+00 1.570814301621599407e+00
4.861745597749849367e+03 6.246109191998090004e+00 1.570814156559704466e+00
4.857800640098358599e+03 6.246359308008231359e+00 1.570814005684889381e+00
4.853861229366470980e+03 6.246608814666845255e+00 1.570813855472700471e+00
4.850400665464856502e+03 6.246877775674155586e+00 1.570813694721068465e+00
4.846473906525971870e+03 6.247126135325483887e+00 1.570813545784256249e+00
4.842552729049320988e+03 6.247373897096455408e+00 1.570813397503016962e+00
4.838637146018929343e+03 6.247621064296844828e+00 1.570813249875071094e+00
4.834727171346777141e+03 6.247867639928292860e+00 1.570813102898426905e+00
4.830822819945306946e+03 6.248113626582733282e+00 1.570812956571419061e+00
4.826924107815277239e+03 6.248359026382018122e+00 1.570812810892795008e+00
4.823031052001922944e+03 6.248603840888998562e+00 1.570812665861781587e+00
4.819143670735379601e+03 6.248848070885748562e+00 1.570812521478184731e+00
4.815261983547305135e+03 6.249091716265008145e+00 1.570812377742540678e+00
4.811386011193459126e+03 6.249334775759143312e+00 1.570812234656271844e+00
4.806935541312688656e+03 6.249446360748553531e+00 1.570812081389587833e+00
4.803040250709002066e+03 6.249689464811366335e+00 1.570811938353765314e+00
4.799150174055332172e+03 6.249932005074890995e+00 1.570811795930658894e+00
4.795273810549377231e+03 6.250156831185353923e+00 1.570811659438467789e+00
4.791394093507339676e+03 6.250398528773550844e+00 1.570811518166183918e+00
4.787519628999130873e+03 6.250639666795813731e+00 1.570811377505763717e+00
4.783650433122487811e+03 6.250880236621056518e+00 1.570811237462897969e+00
4.779786522372438412e+03 6.251120225089844773e+00 1.570811098046285492e+00
4.775927915454758477e+03 6.251359612780657216e+00 1.570810959269113960e+00
4.756135450064574798e+03 6.252399983579653764e+00 1.570810839371608258e+00
4.753289923911823280e+03 6.252486058859355822e+00 1.570810764345723642e+00
4.750268966379439007e+03 6.252645385985461601e+00 1.570810640411858472e+00
4.747260920593507763e+03 6.252804934639664580e+00 1.570810516018454894e+00
4.744225746292460826e+03 6.252986481041038047e+00 1.570810397680024062e+00
4.741213149802430962e+03 6.253154163482947503e+00 1.570810265925216553e+00
4.738113336184822401e+03 6.253865139193750089e+00 1.570809883329618684e+00
4.735163223969483624e+03 6.254025186941844616e+00 1.570809852344760449e+00
4.732212376463452529e+03 6.254187205334323707e+00 1.570809857235416995e+00
4.729249862827145080e+03 6.254352936037384403e+00 1.570809905461379108e+00
4.726253584447164940e+03 6.254524784858165987e+00 1.570809997671907210e+00
4.725719875776058871e+03 6.254614979281441833e+00 1.570809211029739805e+00
4.721953259269738737e+03 6.254823376562845816e+00 1.570809065561625140e+00
4.718186978549025298e+03 6.255047257089623614e+00 1.570808934903218379e+00
4.714412400373709715e+03 6.255302761715825888e+00 1.570808782374056189e+00
4.710650430729919208e+03 6.255528904200706286e+00 1.570808653709633296e+00
4.713012300301751566e+03 6.255853049534142230e+00 1.570809564733528063e+00
4.711175198353343148e+03 6.256721369736605531e+00 1.570809176258630258e+00
4.707007915916318780e+03 6.256938099006844389e+00 1.570809034655234804e+00
4.702873612518332266e+03 6.257154641757866287e+00 1.570808894538677780e+00
4.698770534778246656e+03 6.257371018964009046e+00 1.570808755820960467e+00
4.694696868171025926e+03 6.257587243251440334e+00 1.570808618419586411e+00
4.690640004105890512e+03 6.257906949231493599e+00 1.570808428090759268e+00
4.686630633188625325e+03 6.258019252447087233e+00 1.570808347269243566e+00
4.682634671786312538e+03 6.258235035076745056e+00 1.570808213388968477e+00
4.678661381955096658e+03 6.258450662293286726e+00 1.570808080562000608e+00
4.674709323709832461e+03 6.258666125121042256e+00 1.570807948738369708e+00
4.670777172434461136e+03 6.258881412729754956e+00 1.570807817873612455e+00
4.666863713112285950e+03 6.259096512746688212e+00 1.570807687928208463e+00
4.662967832197430653e+03 6.259311411408680748e+00 1.570807558867092446e+00
4.659088518876635135e+03 6.259526094090850812e+00 1.570807430659366899e+00
4.655224548074985250e+03 6.259739586907873132e+00 1.570807302555054186e+00
4.651375638397391413e+03 6.259954760303163113e+00 1.570807175526280242e+00
4.648178939977894515e+03 6.259944275749132814e+00 1.570807128681023901e+00
4.644359158534490234e+03 6.260189910352982778e+00 1.570806986411524386e+00
4.640552053751948733e+03 6.260404131998885902e+00 1.570806861344304695e+00
4.636757107200310202e+03 6.260618203856873620e+00 1.570806736911605883e+00
4.632973798144877946e+03 6.260832128317125544e+00 1.570806613090141024e+00
4.629201650295695799e+03 6.261045684494850327e+00 1.570806489973356257e+00
4.625440229013510361e+03 6.261258341472252020e+00 1.570806367815743787e+00
4.621689141418596591e+03 6.261470743581967646e+00 1.570806246267205442e+00
4.617948026603101425e+03 6.261682885279845401e+00 1.570806125314292645e+00
4.614216552668812255e+03 6.261894761942568444e+00 1.570806004944167444e+00
4.609531879297045634e+03 6.262016573129532304e+00 1.570805809417802346e+00
4.605879406552553519e+03 6.262229989154532106e+00 1.570805691295199091e+00
4.602233206353342212e+03 6.262443091921314320e+00 1.570805573641683495e+00
4.598596469463409449e+03 6.262630902336303151e+00 1.570805468842222830e+00
4.594962487043305373e+03 6.262843920494280958e+00 1.570805351831296548e+00
4.591334505512794749e+03 6.263056707508670939e+00 1.570805235235453123e+00
4.588006673887528450e+03 6.262888275699228124e+00 1.570804828695417266e+00
4.584416150473743073e+03 6.263099711553256732e+00 1.570804717293492692e+00
4.580831552226265558e+03 6.263310961906473295e+00 1.570804606251055668e+00
4.577252781628153571e+03 6.263521906630594493e+00 1.570804495629462005e+00
4.573682687251221978e+03 6.263706441925288360e+00 1.570804398605695651e+00
4.571881615947931095e+03 6.263675873705328634e+00 1.570804357798172068e+00
4.568325107845626917e+03 6.263884181449708599e+00 1.570804248765566902e+00
4.564773983596124708e+03 6.264092252732210930e+00 1.570804140103333912e+00
4.558333700543538725e+03 6.264727107522324090e+00 1.570802933303128368e+00
4.554787098237982718e+03 6.264937169144350726e+00 1.570802807270098578e+00
4.551244561570593760e+03 6.265147165623258907e+00 1.570802681023216296e+00
4.547698293044849379e+03 6.265359201672708878e+00 1.570802639780027654e+00
4.544163690862121257e+03 6.265568643039566510e+00 1.570802524585261706e+00
4.540633189230028620e+03 6.265777940493041598e+00 1.570802411060421955e+00
4.532197712448310085e+03 6.264466622289893927e+00 1.570802852251719672e+00
4.528605727741203737e+03 6.264673313997414006e+00 1.570802744784866034e+00
4.525017516068764053e+03 6.264879557355416573e+00 1.570802637695678960e+00
4.521433048383311871e+03 6.265085352248488171e+00 1.570802530981626477e+00
4.517852294893293220e+03 6.265290698503019229e+00 1.570802424640172612e+00
4.514275225311113900e+03 6.265495595956060093e+00 1.570802318668767183e+00
4.510701808612486275e+03 6.265700044368858634e+00 1.570802213064887098e+00
4.507132013410925538e+03 6.265904043446807847e+00 1.570802107826016814e+00
4.503565807645496534e+03 6.266107592872178778e+00 1.570802002949669873e+00
4.500003158775645716e+03 6.266310692221382261e+00 1.570801898433388688e+00
4.496444033953140206e+03 6.266513341026146655e+00 1.570801794274765406e+00
4.492888400109556642e+03 6.266715538685427411e+00 1.570801690471415712e+00
4.489336223912962851e+03 6.266917284583239933e+00 1.570801587021029011e+00
4.485787471725085197e+03 6.267118578031109166e+00 1.570801483921355546e+00
4.482242110382293504e+03 6.267319418213763704e+00 1.570801381170196631e+00
4.478700106715702532e+03 6.267519804305483611e+00 1.570801278765432407e+00
4.475161428079088182e+03 6.267719735398613601e+00 1.570801176705041158e+00
4.471626042362975568e+03 6.267919210591449186e+00 1.570801074987089097e+00
4.468093918516374288e+03 6.268118228941270687e+00 1.570800973609741691e+00
4.464565026824377128e+03 6.268316789482240026e+00 1.570800872571270546e+00
4.461039338990850410e+03 6.268514891374674214e+00 1.570800771870078494e+00
4.457516828930589327e+03 6.268712533821571675e+00 1.570800671504688717e+00
4.453843517224478092e+03 6.268935829998965481e+00 1.570800573615702023e+00
4.450324925000038093e+03 6.269132966381326888e+00 1.570800474168678518e+00
4.446809371189130616e+03 6.269329658880338663e+00 1.570800375059041798e+00
4.443298264263899910e+03 6.269509255582710772e+00 1.570800284176094408e+00
4.439788721177170373e+03 6.269705383180915526e+00 1.570800185577916785e+00
4.436282188003380725e+03 6.269901078091032254e+00 1.570800087312393734e+00
4.432778668789258518e+03 6.270096347804460457e+00 1.570799989376975292e+00
4.429278175916285363e+03 6.270291204973854171e+00 1.570799891767249212e+00
4.425780732023018572e+03 6.270485671193051225e+00 1.570799794474957878e+00
4.422268720031048360e+03 6.270691228018375085e+00 1.570799680179767899e+00
4.418776085853511177e+03 6.270884729287212522e+00 1.570799584051258080e+00
4.415282747093890976e+03 6.271097541804315334e+00 1.570799479013330613e+00
4.411796519646187335e+03 6.271290472145867767e+00 1.570799383465844468e+00
4.407253076168566622e+03 6.271532304524433776e+00 1.570799358291884440e+00
4.403780906601295101e+03 6.271724254292356804e+00 1.570799263440435967e+00
4.400615604572702068e+03 6.272495063871662779e+00 1.570798990116110794e+00
4.397152312100260133e+03 6.272688370317265338e+00 1.570798895230408387e+00
4.393691155467611679e+03 6.272881261329585456e+00 1.570798800629679359e+00
4.392052650631540928e+03 6.272513717483061413e+00 1.570799137138739976e+00
4.388591939426132740e+03 6.272707588986598637e+00 1.570799041252977535e+00
4.385133061276264925e+03 6.272900282292881435e+00 1.570798945989990480e+00
4.381675889156056655e+03 6.273092579913424949e+00 1.570798850963418092e+00
4.378220345417665158e+03 6.273284584847106160e+00 1.570798756119632822e+00
4.374766664063663484e+03 6.273480321112105074e+00 1.570798659537811615e+00
4.371314178098883531e+03 6.273671869154792802e+00 1.570798564996862989e+00
4.367848280826954579e+03 6.273678051951346646e+00 1.570798541799651504e+00
4.364396272104039781e+03 6.273869623603245849e+00 1.570798446963272754e+00
4.360945645660712216e+03 6.274061180763532697e+00 1.570798352173714774e+00
4.357496597590913552e+03 6.274247944114758724e+00 1.570798259712701261e+00
4.354048953710887872e+03 6.274434918851303777e+00 1.570798167194086492e+00
4.349790886588070862e+03 6.275009846611959041e+00 1.570797802590296444e+00
4.341847333109487408e+03 6.276253280526260525e+00 1.570797445376074908e+00
4.338369519545577532e+03 6.276404394475178172e+00 1.570797381949952110e+00
4.334853367402503864e+03 6.276590256064070950e+00 1.570797308520011093e+00
4.331370796782264733e+03 6.276783282242960560e+00 1.570797226824927950e+00
4.328877903352700741e+03 6.276772020963043097e+00 1.570797140956412763e+00
4.325507010472066213e+03 6.276959248219244891e+00 1.570797049409381252e+00
4.322025992779799708e+03 6.277152273839459617e+00 1.570796967839243719e+00
4.318006784368293665e+03 6.277526821271000479e+00 1.570796863713516567e+00
4.314528043331767549e+03 6.277719935824391584e+00 1.570796785817363261e+00
4.311066860588131931e+03 6.277881603528957299e+00 1.570796720779384925e+00
4.307572110684251129e+03 6.278075795279587368e+00 1.570796650029101293e+00
4.304082740878763616e+03 6.278321329748605351e+00 1.570796557373438374e+00
4.301771798417134050e+03 6.278406367853080816e+00 1.570796452832862844e+00
4.298311800956738807e+03 6.278624271598422624e+00 1.570796364513465271e+00
4.294928855807172113e+03 6.278784982365999134e+00 1.570796299071292035e+00
4.291457703722837323e+03 6.278985045612015981e+00 1.570796222950283427e+00
4.287984224693524084e+03 6.279189043262375591e+00 1.570796147551312805e+00
4.284509863850299553e+03 6.279398108797946243e+00 1.570796072452567138e+00
4.281041424192686463e+03 6.279615721697126673e+00 1.570795998878636635e+00
4.277596631475685172e+03 6.279831448942469585e+00 1.570795929043202532e+00
4.281805977737270041e+03 6.280386025871472100e+00 1.570794996230713503e+00
4.281375652862509014e+03 6.279534112057374884e+00 1.570795907900507826e+00
4.274889977621719481e+03 6.280684252111778498e+00 1.570796098544639419e+00
4.272811682997086791e+03 6.280958128692091691e+00 1.570794898237892090e+00
4.269183287365205615e+03 6.281198362487887543e+00 1.570794853820462578e+00
4.267475572944896157e+03 6.281201111328860165e+00 1.570795857007687868e+00
4.267178284502142560e+03 6.280574341214770762e+00 1.570795481388119530e+00
4.255185948863610065e+03 6.281945278755992845e+00 1.570794098509055603e+00
4.254790602234753351e+03 6.281955901440994694e+00 1.570792876602375765e+00
4.256599109324485653e+03 6.281670100610523555e+00 1.570795403409664726e+00
4.253419782785314055e+03 6.281946705465471403e+00 1.570795358496790417e+00
4.249755378857325923e+03 6.282278751506704673e+00 1.570795310923327248e+00
4.251407620278107970e+03 6.281890594069310829e+00 1.570795162849503379e+00
4.248409032519676657e+03 6.282092482539128220e+00 1.570795100393608479e+00
4.245383211272333938e+03 6.282290416876260331e+00 1.570795036092905494e+00
4.242336368707304246e+03 6.282485360325952506e+00 1.570794970324263184e+00
4.239273393953705636e+03 6.282677981628694397e+00 1.570794903373836870e+00
4.236198109943708005e+03 6.282868749057377578e+00 1.570794835468369399e+00
4.233113514784938161e+03 6.283061692361612494e+00 1.570794764919592135e+00
4.228820384106234997e+03 2.897770112930260988e-04 1.570794599153289006e+00
4.225721937550453731e+03 4.770898352804292812e-04 1.570794529652647986e+00
4.222619665572863596e+03 6.636460106864802873e-04 1.570794459644373031e+00
4.219501784125743143e+03 8.997573467273380825e-04 1.570794406362582496e+00
4.216398614105814886e+03 1.084002261308280495e-03 1.570794335757768279e+00
4.213308654858811678e+03 1.275978170122462436e-03 1.570794313711500356e+00
4.207473940129020775e+03 5.639214816401827033e-04 1.570794179507560173e+00
